name: aligner
channels:
  - pytorch
  - conda-forge
  - defaults
dependencies:
  - blas=2.117=mkl
  - blas-devel=3.9.0=17_win64_mkl
  - brotli-python=1.0.9=py310h00ffb61_9
  - bzip2=1.0.8=h8ffe710_4
  - ca-certificates=2023.5.7=h56e8100_0
  - certifi=2023.5.7=pyhd8ed1ab_0
  - charset-normalizer=3.2.0=pyhd8ed1ab_0
  - cpuonly=2.0=0
  - freetype=2.12.1=h546665d_1
  - idna=3.4=pyhd8ed1ab_0
  - intel-openmp=2023.1.0=h57928b3_46319
  - jpeg=9e=hcfcfb64_3
  - lcms2=2.15=ha5c8aab_0
  - lerc=4.0.0=h63175ca_0
  - libblas=3.9.0=17_win64_mkl
  - libcblas=3.9.0=17_win64_mkl
  - libdeflate=1.17=hcfcfb64_0
  - libffi=3.4.2=h8ffe710_5
  - libhwloc=2.9.1=nocuda_h15da153_6
  - libiconv=1.17=h8ffe710_0
  - liblapack=3.9.0=17_win64_mkl
  - liblapacke=3.9.0=17_win64_mkl
  - libpng=1.6.39=h19919ed_0
  - libsqlite=3.42.0=hcfcfb64_0
  - libtiff=4.5.0=hf8721a0_2
  - libuv=1.44.2=h8ffe710_0
  - libwebp-base=1.3.1=hcfcfb64_0
  - libxcb=1.13=hcd874cb_1004
  - libxml2=2.11.4=hc3477c8_0
  - libzlib=1.2.13=hcfcfb64_5
  - llvmlite=0.40.1=py310hb84602e_0
  - m2w64-gcc-libgfortran=5.3.0=6
  - m2w64-gcc-libs=5.3.0=7
  - m2w64-gcc-libs-core=5.3.0=7
  - m2w64-gmp=6.1.0=2
  - m2w64-libwinpthread-git=5.0.0.4634.697f757=2
  - mkl=2022.1.0=h6a75c08_874
  - mkl-devel=2022.1.0=h57928b3_875
  - mkl-include=2022.1.0=h6a75c08_874
  - msys2-conda-epoch=20160418=1
  - numba=0.57.1=py310h19bcfe9_0
  - numpy=1.24.4=py310hd02465a_0
  - openjpeg=2.5.0=ha2aaf27_2
  - openssl=3.1.1=hcfcfb64_1
  - pillow=9.4.0=py310hdbb7713_1
  - pip=23.2=pyhd8ed1ab_0
  - pthread-stubs=0.4=hcd874cb_1001
  - pthreads-win32=2.9.1=hfa6e2cd_3
  - pysocks=1.7.1=pyh0701188_6
  - python=3.10.12=h4de0772_0_cpython
  - python_abi=3.10=3_cp310
  - pytorch=1.13.1=py3.10_cpu_0
  - pytorch-mutex=1.0=cpu
  - requests=2.31.0=pyhd8ed1ab_0
  - setuptools=68.0.0=pyhd8ed1ab_0
  - tbb=2021.9.0=h91493d7_0
  - tk=8.6.12=h8ffe710_0
  - torchaudio=0.13.1=py310_cpu
  - torchvision=0.14.1=py310_cpu
  - typing_extensions=4.7.1=pyha770c72_0
  - tzdata=2023c=h71feb2d_0
  - ucrt=10.0.22621.0=h57928b3_0
  - urllib3=2.0.4=pyhd8ed1ab_0
  - vc=14.3=h64f974e_17
  - vc14_runtime=14.36.32532=hfdfe4a8_17
  - vs2015_runtime=14.36.32532=h05e6639_17
  - wheel=0.40.0=pyhd8ed1ab_1
  - win_inet_pton=1.1.0=pyhd8ed1ab_6
  - xorg-libxau=1.0.11=hcd874cb_0
  - xorg-libxdmcp=1.1.3=hcd874cb_0
  - xz=5.2.6=h8d14728_0
  - zstd=1.5.2=h12be248_7
  - pip:
      - appdirs==1.4.4
      - argparse==1.4.0
      - audioread==3.0.0
      - cffi==1.15.1
      - decorator==5.1.1
      - ffmpeg==1.4
      - joblib==1.3.1
      - lazy-loader==0.3
      - librosa==0.10.0.post2
      - msgpack==1.0.5
      - packaging==23.1
      - pooch==1.6.0
      - praatio==6.0.1
      - pycparser==2.21
      - pyqt5==5.15.9
      - pyqt5-qt5==5.15.2
      - pyqt5-sip==12.12.1
      - pysoundfile==0.9.0.post1
      - resampy==0.4.2
      - scikit-learn==1.3.0
      - scipy==1.11.1
      - soundfile==0.12.1
      - soxr==0.3.5
      - threadpoolctl==3.2.0
